2501	27 25 38	26 28 36	25 27 35	28 29 39
2502	18 12 20	17 14 22	20 16 18	19 15 21
2503	29 29 39	15 25 34	29 28 39	30 29 37
2504	22 20 30	21 19 29	20 18 28	23 21 31
2505	15 11 18	16 13 20	14 12 16	15 13 18
2506	26 24 37	25 23 36	27 25 37	26 24 36
2507	14 13 17	16 12 19	15 11 16	14 12 18
2508	28 26 39	27 25 38	25 24 36	29 27 39
2509	11 10 15	12 9 14	13 11 16	12 10 17
2510	24 23 36	25 24 35	22 21 33	24 23 35
2511	19 17 28	18 16 26	20 18 29	21 19 30
2512	26 25 34	24 23 33	27 25 36	25 24 32
2513	22 28 38	29 30 33	23 29 40	21 29 34
2514	13 12 15	14 13 18	13 12 17	14 13 16
2515	17 15 26	18 16 27	19 17 30	16 14 22
2516	28 27 39	26 25 37	25 24 36	27 26 38
2517	23 22 34	22 20 33	24 21 32	22 21 31
2518	30 28 40	29 28 39	28 27 39	29 30 40
2519	16 14 20	15 12 18	14 11 16	15 13 19
2520	29 27 40	28 29 38	27 26 38	30 29 40
2521	12 11 10	18 3 20	19 2 8	13 4 26
2522	24 22 33	23 21 32	22 20 31	24 22 34
2523	27 25 36	26 24 35	28 27 37	26 25 36
2524	25 11 14	20 10 12	12 9 11	13 11 15
2525	30 29 40	28 27 38	25 24 35	22 21 32
2526	28 27 39	27 26 38	29 28 39	28 27 39
2527	14 12 16	15 11 18	13 10 15	16 12 18
2528	23 21 31	22 20 29	21 19 30	22 20 31
2529	27 25 38	29 27 37	28 26 39	26 24 36
2530	11 12 20	23 4 22	12 3 17	14 5 9
2531	25 23 33	24 22 31	23 21 30	22 20 30
2532	18 16 20	17 14 18	19 16 21	20 18 23
2533	29 28 40	28 27 39	10 2 5	11 3 6
2534	16 15 22	18 17 25	15 14 20	17 16 22
2535	30 30 40	29 29 39	28 27 38	29 28 40
2536	12 11 13	13 9 10	14 11 12	15 12 14
2537	19 18 27	17 15 24	20 19 29	21 20 30
2538	14 13 18	15 12 20	30 29 40	17 16 19
2539	26 24 36	25 23 35	12 6 10	28 26 36
2540	23 22 31	24 23 33	18 17 26	11 8 12
2541	30 29 40	29 28 39	28 27 39	30 29 40
2542	13 12 16	14 11 18	12 10 14	13 11 15
2543	24 22 37	26 26 40	22 26 34	28 24 33
2544	15 14 12	16 5 8	14 3 6	12 4 7
2545	17 16 25	18 14 22	20 18 27	22 19 28
2546	28 27 38	26 24 36	29 28 39	17 15 21
2547	30 30 40	29 28 38	27 26 37	19 18 25
2548	18 17 24	16 14 20	25 22 33	30 28 40
2549	20 18 26	14 12 18	18 16 22	22 20 29
2550	27 25 36	26 24 35	28 26 37	14 12 18
2551	15 14 20	23 21 32	14 12 16	30 28 40
2552	22 20 30	29 27 39	27 25 36	18 16 22
2553	19 18 27	17 15 23	21 19 29	25 23 32
2554	11 12 13	12 10 14	11 9 13	27 25 36
2555	30 29 40	28 27 39	30 29 40	22 21 30
2556	24 22 31	13 5 7	10 4 6	18 12 14
2557	17 15 24	21 19 33	20 18 29	14 12 18
2558	23 22 36	30 30 40	26 25 36	29 28 40
2559	12 11 13	10 3 5	9 2 4	20 18 22
2560	26 25 37	24 22 36	30 28 39	23 21 32
